1148.54272500 574.27710000
1092.29101600 571.08398400
1037.23779300 568.44488500
983.12823500 565.63262900
930.25274700 562.85205100
878.26214600 560.65716600
827.31158400 558.08068800
777.19598400 555.26135300
728.02441400 553.08367900
680.08532700 550.62310800
1146.11621100 633.44268800
1090.03320300 630.09271200
1035.20520000 626.90600600
981.17590300 623.45709200
928.47918700 620.18573000
876.42822300 616.81335400
825.57019000 613.64196800
775.29229700 610.79150400
726.57141100 607.79516600
678.51251200 604.86724900
1143.53698700 692.70861800
1087.77563500 688.62457300
1032.98303200 684.62292500
979.30084200 680.67681900
926.37854000 676.85485800
874.70062300 673.25872800
823.68957500 669.61273200
773.78369100 666.05053700
725.24133300 662.57489000
676.98095700 659.01556400
1141.07019000 751.28936800
1085.47424300 746.96661400
1030.85437000 742.39062500
976.91223100 737.95605500
924.23645000 733.41503900
872.88189700 729.31860400
822.13977100 724.96588100
772.14459200 721.05523700
723.61084000 717.00415000
675.78552200 712.91839600
1138.48535200 809.99829100
1082.85986300 804.72345000
1028.63024900 799.91162100
974.73571800 794.78295900
922.29235800 789.85845900
871.04394500 784.90197800
820.38629200 780.23443600
770.44958500 775.85376000
722.44714400 771.24951200
674.68335000 766.46264600
1135.62390100 868.12030000
1080.64856000 862.50866700
1026.05395500 856.74151600
972.69586200 851.34979200
920.41436800 845.85876500
868.91479500 840.66009500
818.36377000 835.14086900
768.75537100 829.76971400
720.64630100 824.93182400
673.19262700 819.66046100
1133.00329600 925.90496800
1078.09948700 919.66931200
1023.80523700 913.85022000
970.48144500 907.47802700
918.09326200 901.62207000
867.26403800 895.77685500
816.98510700 889.84893800
767.38177500 884.37176500
719.27179000 878.51153600
671.85919200 873.09143100
