1403.56701700 393.11550900
1362.79760700 385.29925500
1323.60473600 376.97686800
1284.89318800 369.87307700
1247.68627900 363.69253500
1210.48388700 356.42630000
1175.06543000 349.99566700
1140.39770500 343.12530500
1106.06665000 336.69574000
1073.78369100 330.50982700
1399.81176800 443.14538600
1358.55786100 435.52966300
1319.65905800 427.02795400
1281.05957000 420.14025900
1243.76721200 410.34536700
1207.62878400 403.92681900
1172.29357900 395.81375100
1137.77844200 389.54321300
1104.00207500 382.29870600
1071.50988800 376.39791900
1395.12304700 492.74383500
1354.94494600 483.88296500
1316.32434100 474.50720200
1277.96411100 466.44958500
1240.39941400 458.62310800
1204.00524900 450.67474400
1169.17761200 442.61492900
1134.67663600 434.72131300
1101.79492200 428.28674300
1068.35363800 419.83728000
1389.61828600 542.77648900
1350.16162100 532.91326900
1311.54077100 523.74957300
1274.07128900 514.66387900
1236.64685100 505.64080800
1200.90881300 496.76181000
1166.23413100 487.87677000
1132.04760700 479.11288500
1098.81823700 472.45962500
1066.45764200 462.82769800
1385.99060100 591.46496600
1346.76953100 581.34368900
1308.14306600 570.93975800
1270.27783200 561.15936300
1233.34252900 552.35968000
1197.69555700 541.48345900
1163.21923800 533.37841800
1129.94958500 523.43414300
1096.15637200 515.94616700
1063.71557600 506.03555300
1382.06213400 639.29473900
1341.95068400 628.40319800
1304.39453100 618.05963100
1266.62426800 608.19799800
1229.85144000 597.46521000
1194.93969700 588.44873000
1159.98718300 577.84533700
1126.36425800 568.20062300
1093.54943800 560.49908400
1061.68017600 551.94158900
1377.05151400 687.47619600
1337.60705600 675.72760000
1299.33288600 664.29199200
1263.07373000 654.22723400
1226.75024400 643.24713100
1190.94751000 634.04528800
1157.11047400 623.10186800
1124.07861300 612.56085200
1091.08520500 602.86334200
1059.37756300 593.84332300
