1384.84240700 431.00485200
1320.59045400 420.41626000
1257.82116700 410.18231200
1197.55517600 400.19287100
1137.65771500 390.49264500
1079.09497100 381.20257600
1022.35168500 372.13674900
966.94555700 363.26287800
912.59271200 354.79238900
859.68389900 346.57904100
1376.64587400 497.97442600
1313.10607900 486.69793700
1250.97180200 475.66873200
1190.90881300 464.99591100
1131.40271000 454.96200600
1073.83715800 444.63375900
1017.22644000 434.82406600
962.20794700 425.30020100
908.35412600 415.91186500
855.86846900 406.83126800
1368.61987300 564.04449500
1305.80224600 552.04760700
1244.19458000 540.31384300
1184.31091300 529.01544200
1125.51745600 518.06225600
1068.45031700 507.32830800
1012.12878400 496.65954600
957.65069600 486.16500900
903.97637900 476.45300300
851.99688700 466.57934600
1359.97778300 629.25976600
1298.45861800 616.61212200
1237.39440900 603.89874300
1178.08606000 592.24987800
1119.41967800 580.35943600
1062.82165500 568.78997800
1006.89984100 557.67645300
952.61840800 546.73138400
899.62445100 535.87829600
847.76782200 525.64019800
1352.36633300 693.45977800
1290.79211400 680.14807100
1230.24841300 666.93023700
1171.18591300 654.48901400
1113.70117200 641.75787400
1057.05127000 629.76562500
1001.79986600 617.88909900
948.11279300 606.29480000
895.04394500 594.98632800
843.74700900 583.78613300
1344.33740200 756.72314500
1283.18176300 742.87066700
1223.13452100 728.98779300
1164.61853000 715.67443800
1107.93237300 702.56445300
1051.57836900 689.74578900
996.74188200 677.51214600
943.15997300 665.32177700
891.05871600 653.34631300
840.16412400 641.58013900
1335.99108900 819.21856700
1275.58190900 804.49340800
1215.87829600 790.22125200
1158.16638200 776.31433100
1101.36328100 762.48803700
1046.07788100 749.06012000
991.31720000 735.87945600
938.53491200 723.31738300
886.58142100 710.58154300
836.01483200 698.40289300
