648.84735100 335.14840700
606.54132100 329.26928700
564.16119400 323.35754400
522.68542500 317.74221800
481.57601900 312.10247800
440.88488800 306.81478900
400.24447600 301.46362300
360.51693700 296.20944200
320.87619000 290.88113400
281.39791900 285.43963600
644.69464100 378.64740000
602.58844000 372.83160400
560.80462600 366.65231300
519.36480700 361.14300500
477.99523900 355.29675300
437.57022100 349.67358400
397.41629000 343.99197400
357.47604400 338.87228400
318.26901200 333.33557100
279.00592000 328.35598800
640.88372800 421.83514400
598.38195800 415.80203200
557.03088400 409.89334100
515.77874800 404.03189100
475.02865600 397.87905900
434.19387800 392.11761500
393.96664400 386.48010300
354.60061600 380.84167500
315.54480000 375.85711700
276.17822300 370.40026900
636.92889400 465.04666100
594.84497100 458.58746300
553.40954600 452.33941700
512.34960900 446.39184600
471.59201000 440.21560700
431.02081300 434.27880900
391.26931800 428.63168300
351.84552000 422.62854000
312.38430800 417.41030900
273.65057400 411.79550200
632.92681900 507.66595500
591.03662100 501.34759500
549.64019800 495.04531900
508.97763100 488.70700100
468.47406000 482.52371200
428.12841800 476.45553600
388.33993500 470.26925700
349.19738800 464.24600200
309.60794100 458.53430200
270.77377300 453.20867900
628.83618200 549.90148900
587.53967300 543.42163100
546.34533700 536.94244400
505.69625900 530.53253200
465.22909500 524.39794900
424.98361200 517.90997300
385.94775400 511.64633200
346.24826000 505.79684400
307.26675400 499.87591600
268.68228100 493.88974000
624.71814000 591.73651100
583.88098100 585.12561000
542.85028100 578.51489300
502.51782200 572.03393600
461.87808200 565.50018300
422.16153000 559.25421100
382.82870500 552.75451700
343.52636700 546.59704600
305.00216700 540.43048100
266.84649700 534.29364000
