1025.24462900 584.01623500
984.78399700 582.21484400
945.33361800 580.59997600
906.43640100 579.35528600
868.43701200 578.14343300
830.96374500 576.58380100
793.45562700 575.29461700
757.86804200 573.44421400
722.26245100 572.64062500
687.62487800 571.24658200
1024.48828100 629.15380900
984.07977300 627.25628700
943.75231900 625.66851800
905.89752200 623.27508500
867.30609100 621.98138400
830.06481900 619.71234100
792.77130100 618.21771200
756.94366500 616.20471200
721.30194100 614.58367900
686.81414800 613.25067100
1022.88177500 674.49725300
982.84777800 671.87420700
942.97937000 670.07959000
904.65033000 667.53149400
866.15972900 665.10192900
828.79370100 662.82257100
791.94976800 660.73883100
756.06872600 658.92828400
720.72808800 656.63501000
686.10601800 654.47436500
1021.92834500 719.86236600
981.36731000 717.10980200
942.12237500 714.30249000
903.29064900 711.65881300
865.46728500 709.18774400
827.91516100 706.23724400
791.14538600 703.57135000
754.92462200 701.36395300
719.51873800 698.59893800
685.29968300 696.53241000
1020.51220700 764.81665000
980.34661900 761.64953600
940.73107900 758.56353800
902.41503900 755.21289100
864.45776400 752.29650900
826.97369400 749.42749000
790.26464800 746.51452600
754.31030300 743.47302200
719.06695600 740.69628900
684.35003700 738.14672900
1019.42511000 809.80719000
978.89971900 805.99578900
939.56768800 802.73376500
901.10986300 799.05206300
863.50097700 795.27368200
826.06750500 792.39276100
789.27935800 788.85992400
753.17749000 785.97985800
718.29260300 782.69799800
683.30188000 779.29559300
1017.96771200 854.40411400
977.74151600 850.39630100
938.78161600 846.41638200
900.19097900 842.83422900
862.06536900 838.84173600
825.07891800 835.15820300
788.38256800 831.40741000
752.32971200 827.71673600
717.32965100 824.29858400
682.57226600 820.78662100
