0.0000 0.0000 0.0000
27.5000 0.0000 0.0000
55.0000 0.0000 0.0000
82.5000 0.0000 0.0000
110.0000 0.0000 0.0000
137.5000 0.0000 0.0000
165.0000 0.0000 0.0000
192.5000 0.0000 0.0000
220.0000 0.0000 0.0000
247.5000 0.0000 0.0000
0.0000 27.5000 0.0000
27.5000 27.5000 0.0000
55.0000 27.5000 0.0000
82.5000 27.5000 0.0000
110.0000 27.5000 0.0000
137.5000 27.5000 0.0000
165.0000 27.5000 0.0000
192.5000 27.5000 0.0000
220.0000 27.5000 0.0000
247.5000 27.5000 0.0000
0.0000 55.0000 0.0000
27.5000 55.0000 0.0000
55.0000 55.0000 0.0000
82.5000 55.0000 0.0000
110.0000 55.0000 0.0000
137.5000 55.0000 0.0000
165.0000 55.0000 0.0000
192.5000 55.0000 0.0000
220.0000 55.0000 0.0000
247.5000 55.0000 0.0000
0.0000 82.5000 0.0000
27.5000 82.5000 0.0000
55.0000 82.5000 0.0000
82.5000 82.5000 0.0000
110.0000 82.5000 0.0000
137.5000 82.5000 0.0000
165.0000 82.5000 0.0000
192.5000 82.5000 0.0000
220.0000 82.5000 0.0000
247.5000 82.5000 0.0000
0.0000 110.0000 0.0000
27.5000 110.0000 0.0000
55.0000 110.0000 0.0000
82.5000 110.0000 0.0000
110.0000 110.0000 0.0000
137.5000 110.0000 0.0000
165.0000 110.0000 0.0000
192.5000 110.0000 0.0000
220.0000 110.0000 0.0000
247.5000 110.0000 0.0000
0.0000 137.5000 0.0000
27.5000 137.5000 0.0000
55.0000 137.5000 0.0000
82.5000 137.5000 0.0000
110.0000 137.5000 0.0000
137.5000 137.5000 0.0000
165.0000 137.5000 0.0000
192.5000 137.5000 0.0000
220.0000 137.5000 0.0000
247.5000 137.5000 0.0000
0.0000 165.0000 0.0000
27.5000 165.0000 0.0000
55.0000 165.0000 0.0000
82.5000 165.0000 0.0000
110.0000 165.0000 0.0000
137.5000 165.0000 0.0000
165.0000 165.0000 0.0000
192.5000 165.0000 0.0000
220.0000 165.0000 0.0000
247.5000 165.0000 0.0000
